18 0.042887
19 0.022597
20 0.022624
21 0.061301
22 0.074860
23 -0.000000
24 0.031407
25 0.014629
26 0.028583
27 -0.000000
28 0.020194
29 0.005151
30 0.010467
31 0.058456
32 0.010109
33 0.069695
34 0.011359
35 0.025109
37 0.005488
38 -0.000000
39 0.008192
40 0.067136
41 0.003469
42 0.001617
43 0.101097
44 -0.000000
45 0.001615
46 -0.000000
47 0.006971
48 -0.000000
49 -0.000000
50 0.069893
51 0.103900
52 0.004153
53 0.011394
54 -0.000000
55 0.008953
56 0.050906
57 -0.000000
58 0.086170
59 0.023117
60 -0.000000
61 0.103737
62 0.024339
63 0.010124
64 0.020335
65 0.117658
66 0.022195
67 0.023127
68 0.046406
69 0.083958
70 0.025266
71 0.047504
72 0.112006
73 0.062397
74 0.026653
75 0.080532
76 0.014764
77 0.013443
78 0.048297
79 0.025540
80 0.006010
81 0.013215
82 0.023395
83 0.033280
84 0.015548
85 0.076985
86 0.026043
87 0.023053
88 0.006919
89 0.040037
90 -0.000000
91 0.030856
92 0.096556
93 0.020507
94 0.088886
96 0.164448
97 0.070058
98 0.035560
99 0.030539
100 0.002491
101 0.119789
102 0.031295
103 0.023026
104 0.158527
105 0.047292
106 0.109495
107 0.040161
108 0.028031
109 -0.000000
110 0.047995
111 -0.000000
112 0.067327
113 0.216313
114 0.084040
115 0.037251
116 0.036860
118 0.013523
119 0.009723
120 0.058801
121 0.052153
122 0.007445
123 0.049922
124 0.074464
125 0.029671
126 0.038003
127 0.037999
128 0.121959
129 0.007665
130 0.000686
131 0.257372
132 0.006562
133 0.138188
134 0.257691
135 -0.000000
136 0.010596
137 0.074277
138 0.035593
139 0.053887
140 0.012370
141 0.044152
142 0.070934
143 0.018910
144 0.043054
146 0.096110
147 -0.000000
148 0.038613
149 0.075119
151 0.047764
152 0.041408
153 0.113018
154 0.017222
155 -0.000000
156 0.007134
157 0.009437
158 -0.000000
159 0.051223
160 -0.000000
161 0.000569
162 0.049167
163 0.004348
164 0.001344
165 0.006551
166 -0.000000
167 0.009562
168 -0.000000
169 0.075342
170 0.004238
171 0.017190
173 0.205895
174 0.064593
175 0.010627
176 0.263264
177 0.088341
178 0.088292
179 0.122574
180 0.162478
181 0.269411
182 0.020089
184 0.041542
185 0.016919
186 0.007952
187 0.020572
188 0.008339
189 0.004258
190 0.009659
191 -0.000000
192 0.007938
193 0.053198
194 0.057770
195 0.074043
196 0.116697
197 0.031626
198 0.181257
199 0.080946
200 0.078600
201 0.060667
202 0.096334
204 0.041947
205 0.025042
206 0.017239
207 0.095995
208 0.139683
209 0.008463
210 0.010070
211 0.111423
212 0.006875
213 0.001509
214 0.016331
215 0.050481
216 0.023206
217 0.015321
218 0.046225
219 0.112183
220 0.163426
221 0.007615
222 -0.000000
224 0.051467
225 0.001581
226 0.030361
227 0.068097
228 0.178172
229 0.004630
230 0.029996
231 0.326491
232 0.009961
233 0.062550
234 0.151352
235 0.005815
236 0.004859
237 0.091869
238 0.035028
239 0.044855
240 0.054672
241 0.054309
242 0.010498
243 0.050708
244 0.067557
245 0.039829
246 0.019080
247 0.038974
248 0.038275
249 0.040920
250 0.053324
251 0.117145
252 0.032968
253 0.053107
254 0.102007
255 0.014723
256 0.028401
257 0.063887
258 0.024073
259 0.060075
260 0.070511
261 0.023285
262 0.007460
263 0.006331
264 0.062958
265 0.150077
266 0.029237
267 0.001611
268 0.128508
269 0.016096
270 0.003848
271 -0.000000
272 0.254833
273 -0.000000
274 0.074976
275 0.064572
276 0.344402
277 0.023108
279 0.118652
280 0.035552
281 0.004453
282 0.108370
283 0.015221
284 0.004046
285 0.003131
286 0.054079
287 0.042574
288 0.007399
289 0.031576
290 0.042350
291 0.046371
292 0.046312
293 0.017329
294 -0.000000
295 0.040006
296 0.077418
297 0.015673
298 0.084248
299 0.065623
300 0.021922
301 0.016672
302 0.008174
303 0.128227
304 0.017764
305 0.003461
306 0.065628
307 0.069508
308 0.027298
309 -0.000000
310 0.126808
311 0.067209
312 0.019444
313 0.138231
314 0.028338
315 0.035074
316 0.090959
318 0.009522
319 0.093631
320 0.000213
321 -0.000000
322 0.090859
323 0.025045
324 0.125592
325 0.027357
326 0.015595
327 0.027743
328 0.062067
329 0.067587
330 0.012380
331 0.009467
332 0.029100
333 0.025749
334 0.036573
335 0.015254
336 0.020589
337 0.030014
338 -0.000000
339 0.009218
